site_host,career.connecty.co.jp,dashboardcms-test.connecty.co.jp,docs.cmsod.jp,lottecityhotel.jp,msg.dlt-spl.co.jp,real.dic-estate.co.jp,site1.demo.cmsod.jp,site3.demo.cmsod.jp,sports.dunlop.co.jp,www.afit.jp,www.buonanotte.jp,www.cellseed.com,www.connecty.co.jp,www.daiken-ad.com,www.daiken.jp,www.dcm-hldgs.co.jp,www.dic-color.com,www.dic-decor.co.jp,www.dic-ep.co.jp,www.dic-estate.co.jp,www.dic-global.com,www.dic-graphics.co.jp,www.dic-kako.co.jp,www.dic-material.co.jp,www.dic-plas.co.jp,www.dic200.com,www.difaren.com,www.digisystem.com,www.dlt-spl.co.jp,www.doutor.co.jp,www.fuwapple.jp,www.global.jcb,www.ibanez.com,www.imabarigauze.jp,www.ishimakura.jp,www.jeol.co.jp,www.kuroda-electric.co.jp,www.lemonadestand-pa.jp,www.lotte-isf.or.jp,www.lotte.co.jp,www.luno-nishikawa.jp,www.mmtec.co.jp,www.moussepuff.jp,www.mpuni.co.jp,www.nemuri-soudan.jp,www.nishikawa1566.com,www.nishikawasangyo.co.jp,www.nissay-it.co.jp,www.nisshin.com,www.order-makura.jp,www.paris-miki.co.jp,www.pokkasapporo-fb.jp,www.recomm.co.jp,www.sangetsu.co.jp,www.separel.com,www.shimachu.co.jp,www.shop-salon.jp,www.tama.com,www.tamamarching.com,www.thermos.jp,www.tobishima.co.jp,www.tokyoinst.co.jp,www.ushio.co.jp,www.ushio.com.tw,www.ushiomedical.com,www.watairo.jp,www.with-lemon.jp,www.yamano-music.co.jp
career.connecty.co.jp,1.0,0.8971794506554616,0.7793202005653193,0.8983810001525736,0.8222978326402172,0.7946443588652945,0.7953579543534496,0.8671064302274749,0.9050081598493303,0.8289104237394224,0.8044116426032268,0.8130782891750138,0.5000000000003162,0.8029048765515572,0.5000000000001782,0.9131163427912252,0.5000000000011439,0.792562069805145,0.7799201492944025,0.8135081483855305,0.500000000000087,0.8060383831723006,0.8064572752702095,0.807014275065707,0.8375666588882993,0.8563645620076028,0.8341489775877653,0.8644020831504263,0.5000000000000587,0.8795680644533005,0.90667837232307,0.9102096958396488,0.500000000000082,0.9153824024048882,0.8143017764278853,0.8910742896717301,0.8257827333123047,0.8369811907126818,0.8936096138769252,0.9044301043537523,0.807128794304609,0.8706181763927361,0.9114121154625969,0.8828295128147393,0.8532462985633815,0.8660017547259637,0.9156893623808053,0.8697051373930146,0.9108021142120883,0.8259324268375516,0.8969321289548714,0.5000000000003804,0.8570597206095991,0.8112239915791966,0.8217499050179258,0.9251244615768076,0.9343682999511129,0.5000000000002044,0.748482169053921,0.8896520772599852,0.8912118860480746,0.9090520227342564,0.897722547412978,0.8984371581720576,0.7972002290230569,0.9137109943528244,0.830948931464186,0.5000000000002892
dashboardcms-test.connecty.co.jp,0.8971794506554616,1.0,0.8410310949720516,0.930252036156494,0.8387247723233928,0.8814544073468132,0.8393234366790414,0.8515613093937213,0.9482374758876497,0.88259134037532,0.8708188418956024,0.8976689889418592,0.5000000000003686,0.8718795012095841,0.5000000000002087,0.955275153761536,0.5000000000012922,0.8855138347907098,0.8782267780717825,0.8957870255569232,0.5000000000001181,0.8964357549077415,0.8918900579893927,0.8961995652217442,0.900502164165717,0.9350070820726153,0.9045460876695977,0.8484002721103332,0.5000000000000695,0.8537436027467159,0.9796235725416423,0.89227857106901,0.500000000000112,0.9745310725007055,0.8784234070233656,0.8739788295162768,0.9154140165887035,0.8922363379389784,0.8225929150517688,0.8830541076769673,0.8608531123774696,0.8803739891630457,0.9744427381843961,0.859625638571833,0.901209341483467,0.9286950861432679,0.9715617792621927,0.9415936995131506,0.9335010929372747,0.8631843994449195,0.930992777781509,0.5000000000004327,0.913667374933087,0.7746083375029611,0.906173658552323,0.8598950258246807,0.8627264866758764,0.5000000000002726,0.8513725582579709,0.8463686532136214,0.9480944138196388,0.8839298240997826,0.9708778665873818,0.8449863069661617,0.8837472460221769,0.9746188870482357,0.9152874867622484,0.500000000000272
docs.cmsod.jp,0.7793202005653193,0.8410310949720516,1.0,0.8543662577675037,0.862165924979101,0.8946506390967899,0.9321349864919601,0.9451093825272904,0.8524629604184413,0.90205917535665,0.8860178103803815,0.910404820652388,0.5000000000003312,0.9717221022266034,0.5000000000001908,0.8564614325530062,0.5000000000011341,0.8980490371215888,0.8933311490310126,0.8871217209283511,0.5000000000001332,0.9056048290356764,0.8830387044999064,0.8945135787939431,0.8960358836364757,0.8973962895768781,0.8908206733337964,0.7334093021661804,0.5000000000000555,0.907941115432538,0.8574107976119947,0.8213833390734656,0.500000000000123,0.8323137705116228,0.8924386066003824,0.675863298937662,0.9044177894490308,0.8868651248473909,0.9013320710331196,0.8070211719239214,0.8957660283728883,0.7332169340758558,0.8327540131450752,0.626125257227725,0.8903623952400794,0.9057990023658142,0.8599350637769605,0.8917790166049201,0.8000234879476626,0.8882384110062098,0.876185363590275,0.5000000000003592,0.8865762955635573,0.6534794443942042,0.8818504643838122,0.7866639399647782,0.8020334835898144,0.5000000000003041,0.872751173919559,0.700006106560088,0.8814839108632923,0.7353175265690115,0.8642436265125175,0.8740040654712344,0.8918183843437907,0.8316032027066285,0.9131197169568293,0.5000000000001119
lottecityhotel.jp,0.8983810001525736,0.930252036156494,0.8543662577675037,1.0,0.9235993082989855,0.9282949808953309,0.8668247768099224,0.9029286541173955,0.9603774187902308,0.9396972631660583,0.9216667460099568,0.9241415904153307,0.5000000000003977,0.871107673137427,0.5000000000002236,0.9697065355816485,0.5000000000013949,0.9192030231329934,0.913124851559496,0.939653518770403,0.500000000000129,0.9198101661370182,0.9319018819603471,0.9343104774059448,0.9520662702870671,0.9560163078537283,0.9435525182826732,0.8712103288013298,0.5000000000000718,0.8492164885448139,0.9703210370728136,0.9115902776048239,0.500000000000124,0.9765617418830674,0.9251524028004623,0.8275981531150234,0.9341466091600839,0.9388636859961084,0.8762918850766693,0.8739460923578274,0.9129669377784402,0.7889339602960335,0.9763209351989203,0.8569394986757801,0.9327466722851564,0.9675609855327099,0.9545348826310511,0.934261338403775,0.9466291913185917,0.9218238469541521,0.9729888996294336,0.5000000000004409,0.9561548314366446,0.8335480149721473,0.9403027526622467,0.8783289700982418,0.8609142113479998,0.5000000000003033,0.8930984294875772,0.8685940232715862,0.9454578192231302,0.8801699085884414,0.9536589919344147,0.913764407184501,0.9275483313325333,0.9763997541553511,0.9337957416003684,0.5000000000002409
msg.dlt-spl.co.jp,0.8222978326402172,0.8387247723233928,0.862165924979101,0.9235993082989855,1.0,0.9593388625727172,0.8625802514529652,0.8852435252230932,0.9327928347412696,0.9657449093213106,0.9580943206938692,0.9478100985080751,0.5000000000003875,0.8757141911059545,0.5000000000002256,0.9340352330342887,0.5000000000013632,0.9550416138025266,0.9510174382354815,0.9652753319459468,0.5000000000001431,0.952718804394481,0.9575727947585915,0.9559297364797095,0.9655094782894038,0.9542289351483448,0.9577870400707462,0.7665349845846714,0.5000000000000685,0.8083379908720679,0.8910145929554734,0.8361948823195953,0.5000000000001383,0.8701746145850033,0.9643072679825678,0.6833439827314036,0.9478433474965787,0.9600381404927065,0.8611396169695227,0.7938062224170599,0.9562603012802939,0.688941718737351,0.8700687903790547,0.7065193861096102,0.9642476736369037,0.9533144756674241,0.8989643320464443,0.9280889134611061,0.8706900420529746,0.966537080577689,0.9512945677951602,0.500000000000421,0.9508417678437366,0.6987601495182846,0.9584808814981151,0.7829647830886795,0.8247680027903077,0.5000000000003382,0.9422014568010717,0.7407943885922653,0.9262439820635965,0.7160886563810432,0.9084956592318589,0.8722507608249659,0.9586773416364062,0.8699113118465489,0.9469374677352502,0.5000000000001152
real.dic-estate.co.jp,0.7946443588652945,0.8814544073468132,0.8946506390967899,0.9282949808953309,0.9593388625727172,1.0,0.8935811715550115,0.8709244299985262,0.9524828660145879,0.9908293145869875,0.9948474164607339,0.99315877693262,0.5000000000004161,0.9214764883847499,0.5000000000002351,0.9514881244339901,0.5000000000014355,0.9986327053502293,0.9977952018997558,0.9972472237775818,0.5000000000001605,0.99083529130027,0.9973657430189216,0.9964412147084865,0.991506340967593,0.9765796164383191,0.9925817187038128,0.7365978814277214,0.500000000000072,0.8013757824272911,0.9222255150351271,0.8326671944143516,0.5000000000001544,0.8941912002527315,0.996011824009437,0.6596482069417178,0.9895102789741115,0.9934077471963125,0.817650925048027,0.7565642018670983,0.9894752477952007,0.6889504069495936,0.894270022626479,0.6612248359857354,0.9727606288654748,0.9836095156189442,0.9190032021267944,0.9701617297763714,0.8593814570330385,0.9893255114921413,0.9644326668036824,0.5000000000004414,0.9874488606540788,0.6589032350398984,0.9931622376073947,0.7552241987363604,0.7695027220568122,0.5000000000003761,0.9934083793183508,0.7021995910647704,0.9651828835705385,0.7003562009605447,0.938589352108418,0.844293993981358,0.9987039219831176,0.8941380171779119,0.9891583925078197,0.5000000000000964
site1.demo.cmsod.jp,0.7953579543534496,0.8393234366790414,0.9321349864919601,0.8668247768099224,0.8625802514529652,0.8935811715550115,1.0,0.8919289149727216,0.8614816871747109,0.9009445286441965,0.8733097948322016,0.9028825059710596,0.5000000000003354,0.9704902537414548,0.5000000000001812,0.8542137842239481,0.5000000000011381,0.8937818173850629,0.8864758283185423,0.8890038768995558,0.500000000000132,0.8911394371211669,0.8829966224465842,0.8820111659356948,0.8976104196554477,0.9067436993181341,0.891324351292695,0.7916913697694293,0.5000000000000565,0.8839101724000358,0.8597083741366583,0.861041487558648,0.5000000000001222,0.8407615809770193,0.8956713696289635,0.7057186211776265,0.8958738911266326,0.893550642693367,0.9089917936945637,0.8217110802233474,0.8812025069708307,0.7346017782042948,0.8404911712051575,0.6706933983148179,0.8836787614721399,0.896699099575821,0.8516416287501885,0.8721438454468047,0.8230959811115455,0.8854701150281806,0.8829088112106018,0.5000000000003673,0.895447498237913,0.6870051263427129,0.885804097772146,0.8166355283470967,0.8276821387488335,0.5000000000002972,0.8608298935362785,0.7401314917024857,0.8796329771796058,0.7653497132994409,0.8629435825180531,0.8784666898068418,0.896438605299066,0.8404938280770511,0.8990099947699413,0.5000000000001187
site3.demo.cmsod.jp,0.8671064302274749,0.8515613093937213,0.9451093825272904,0.9029286541173955,0.8852435252230932,0.8709244299985262,0.8919289149727216,1.0,0.8866904884853091,0.9054104855491025,0.8684558908926097,0.8805161038771591,0.5000000000003313,0.9226430883784944,0.5000000000001936,0.8835399854460517,0.5000000000012148,0.8668580759191069,0.8615286766309029,0.8764168636798315,0.5000000000001172,0.8772024500858848,0.8683265750709939,0.8785108811031803,0.9000753755819846,0.8894826851479205,0.8813222518589303,0.8464922619607609,0.5000000000000587,0.9222119579967691,0.8817728079011916,0.8999193943884076,0.5000000000001084,0.871881441010949,0.8776312951424134,0.774866163086452,0.8729950558176041,0.8827921081861481,0.9613395870883927,0.8823102460754619,0.8744569779046782,0.7923980900972982,0.869109636964136,0.7417323282628775,0.8906748360734107,0.9085800395250083,0.8947073956871516,0.8817583369332943,0.8786653357410787,0.8786401906273593,0.9083440625623401,0.5000000000003773,0.8851629878845646,0.7929858510475094,0.8732378664755749,0.8864369135048102,0.895991075018715,0.5000000000002709,0.8306081771038986,0.8146351179015376,0.8824628342766294,0.8264748238263983,0.8854106622676989,0.9439475320679422,0.8675900505323008,0.8699377039711073,0.8838773989941251,0.5000000000001801
sports.dunlop.co.jp,0.9050081598493303,0.9482374758876497,0.8524629604184413,0.9603774187902308,0.9327928347412696,0.9524828660145879,0.8614816871747109,0.8866904884853091,0.9999999999999999,0.9578062206531847,0.9479965811497133,0.9489954850908884,0.5000000000004106,0.8809735478503424,0.5000000000002318,0.9900241246172279,0.5000000000014833,0.9506325120064368,0.9443268639202331,0.9651098094810504,0.5000000000001379,0.9558135569437118,0.9626398015550602,0.9643905990925268,0.9746274762430445,0.9755794780472766,0.9745517450506221,0.863060006348676,0.5000000000000765,0.8555581776465253,0.979890015824951,0.9279974764841143,0.500000000000133,0.961026206114792,0.9541613529357997,0.8287300003331253,0.961838529334258,0.9698700596076772,0.8561861558779407,0.8746656618767447,0.9429515904528516,0.8432785444220909,0.9602598322374658,0.8003121072436852,0.9729614604500637,0.9691932160575725,0.9874205971556709,0.9818901592369316,0.9610370995728049,0.9523080606175047,0.9907359023124983,0.5000000000004706,0.9735627072946902,0.7907774231396631,0.9729591723119622,0.8805099018839124,0.8843211771569519,0.5000000000003245,0.9235390370961651,0.8511257903232756,0.9799081485323582,0.8243908202751402,0.9921235292276749,0.9005384752456436,0.9548028309619261,0.9606921384044197,0.9573665922500927,0.500000000000225
www.afit.jp,0.8289104237394224,0.88259134037532,0.90205917535665,0.9396972631660583,0.9657449093213106,0.9908293145869875,0.9009445286441965,0.9054104855491025,0.9578062206531847,1.0,0.9909266229270852,0.9905377365657317,0.5000000000004154,0.9306918896369258,0.5000000000002359,0.9563041866343968,0.5000000000014586,0.9890192226246401,0.9870374606393038,0.9924282415920511,0.5000000000001575,0.9851099546832448,0.9909568183930826,0.9887496870959582,0.9897671799555652,0.9754539529246629,0.9862196876008213,0.7725563663682706,0.500000000000072,0.8228742052464413,0.9250294568120838,0.8604061829493077,0.5000000000001508,0.9018786022640899,0.9904961928950405,0.6858370544063042,0.976106265646572,0.9906173754404943,0.8538766888431482,0.791665838697049,0.9823925016389701,0.70697956470083,0.9001176730807204,0.6860208656320796,0.9735804460728629,0.9852791478781698,0.9264574956608262,0.9663642970457571,0.8765760150229454,0.987492579087284,0.9730476614753758,0.5000000000004459,0.9867232290399933,0.6972950127929572,0.9877717681186335,0.7880573698171622,0.8047555385852516,0.5000000000003678,0.9784390277753083,0.7374904469912813,0.9668836975139783,0.7306134270462161,0.9421205061356299,0.8709023735906278,0.9896839538140638,0.9010814654485304,0.983310730606425,0.5000000000001149
www.buonanotte.jp,0.8044116426032268,0.8708188418956024,0.8860178103803815,0.9216667460099568,0.9580943206938692,0.9948474164607339,0.8733097948322016,0.8684558908926097,0.9479965811497133,0.9909266229270852,1.0,0.9913843632082109,0.5000000000004143,0.9112707120603059,0.5000000000002348,0.950380859203962,0.5000000000014314,0.9941929752566083,0.9934807048092997,0.9931950465810775,0.5000000000001594,0.990207080454619,0.9933764605499176,0.9907048888928164,0.9848024579392405,0.9717708502461166,0.9883612515061347,0.7209087940391105,0.5000000000000712,0.7976837455688349,0.9119162522992221,0.8234650179737676,0.5000000000001534,0.8852714770298399,0.9939672767660452,0.646088665414067,0.9812859093860404,0.9920906681619723,0.809823482550232,0.7462541716071214,0.9898426235730298,0.6817110522892019,0.884188172210042,0.6530511302034832,0.9738763162042937,0.9809364800931958,0.9118157877423146,0.9686782114672734,0.8456632721130959,0.9914657125465502,0.9603538975086088,0.5000000000004389,0.9861453034929305,0.6449621037487334,0.9877584579510033,0.7454348299729073,0.7632467755500536,0.5000000000003744,0.9915643212875247,0.6920378559581924,0.9650558366201416,0.6899432186339364,0.9301387329436954,0.8396642865428664,0.9943997834403377,0.8847796511505074,0.9852224620762081,0.5000000000000899
www.cellseed.com,0.8130782891750138,0.8976689889418592,0.910404820652388,0.9241415904153307,0.9478100985080751,0.99315877693262,0.9028825059710596,0.8805161038771591,0.9489954850908884,0.9905377365657317,0.9913843632082109,1.0,0.5000000000004164,0.9430827112869584,0.5000000000002356,0.9554598285258664,0.500000000001427,0.995660139296145,0.9940325542455997,0.9913574001179137,0.5000000000001615,0.9901165923757802,0.992103959194829,0.9900073337328847,0.981637425161652,0.974680186903188,0.9854801795169086,0.7264129718635355,0.5000000000000715,0.8140470457325713,0.9255475371250362,0.8310073402590329,0.5000000000001543,0.8993636125743109,0.9916282245875329,0.6655686169260008,0.986742392375922,0.9873755516350395,0.8260800560805347,0.7631499337628938,0.9843132432315134,0.6990182258931,0.8983569467181851,0.6618158327647945,0.9680001737180814,0.9859330355129502,0.9222571819003784,0.9745348622789831,0.850647876538412,0.9844651438782702,0.960201611618186,0.5000000000004434,0.9877513400184359,0.6395052069131087,0.9876229903481113,0.7566847445112459,0.7754798243656034,0.5000000000003758,0.9883307697855843,0.6998692108746452,0.9731093629924097,0.7090668882476289,0.9405253215475535,0.8352545506735718,0.9923809384083413,0.8989172107713024,0.9945819955942561,0.5000000000001067
www.connecty.co.jp,0.5000000000003162,0.5000000000003686,0.5000000000003312,0.5000000000003977,0.5000000000003875,0.5000000000004161,0.5000000000003354,0.5000000000003313,0.5000000000004106,0.5000000000004154,0.5000000000004143,0.5000000000004164,1.0,0.5000000000003563,0.8535533905932737,0.500000000000414,0.8535533905932737,0.5000000000004141,0.5000000000004122,0.5000000000004206,0.8535533905932737,0.500000000000413,0.5000000000004186,0.5000000000004174,0.5000000000004196,0.5000000000004178,0.5000000000004223,0.5000000000002501,0.8535533905932737,0.5000000000002914,0.5000000000003983,0.5000000000003263,0.8535533905932737,0.5000000000003844,0.500000000000416,0.500000000000208,0.5000000000004174,0.5000000000004213,0.5000000000002979,0.5000000000002726,0.5000000000004107,0.5000000000002168,0.5000000000003839,0.5000000000002158,0.5000000000004116,0.5000000000004245,0.5000000000003935,0.5000000000004147,0.5000000000003457,0.5000000000004139,0.5000000000004176,0.8535533905932737,0.5000000000004249,0.5000000000001925,0.5000000000004197,0.5000000000002689,0.5000000000002776,0.8535533905932737,0.5000000000004017,0.5000000000002403,0.5000000000004186,0.5000000000002445,0.5000000000004022,0.5000000000003231,0.5000000000004171,0.5000000000003841,0.5000000000004197,0.8535533905932737
www.daiken-ad.com,0.8029048765515572,0.8718795012095841,0.9717221022266034,0.871107673137427,0.8757141911059545,0.9214764883847499,0.9704902537414548,0.9226430883784944,0.8809735478503424,0.9306918896369258,0.9112707120603059,0.9430827112869584,0.5000000000003563,1.0,0.5000000000001998,0.8851956398375322,0.5000000000012201,0.9280319744532972,0.9217401645598253,0.9159139433467542,0.5000000000001439,0.9284115116175105,0.9129238406566866,0.9144321337362855,0.9163417739820012,0.9220834127373971,0.9129926128197703,0.7495018980972307,0.5000000000000602,0.8829419237421379,0.8788027183911717,0.8386924734289452,0.5000000000001329,0.8542550529789015,0.9227599784906846,0.6861366953188637,0.9234008931088129,0.9161593335601221,0.8947610334863205,0.8040225068775615,0.9104259656292588,0.7353388912979015,0.8524329480909372,0.6403032751638076,0.9058990877976205,0.9282691456089098,0.8787854165131046,0.9123862150486524,0.816454233529458,0.9101406457273091,0.8959810266897261,0.500000000000388,0.9192637572612499,0.6405741401654065,0.911152969990029,0.794292003522804,0.8125954298057079,0.5000000000003251,0.9018645806535261,0.7053361579229072,0.9120852724544907,0.7410305908474907,0.8883052958479898,0.8559111220583356,0.9214767304513188,0.8532134425471806,0.9367845558588745,0.5000000000001127
www.daiken.jp,0.5000000000001782,0.5000000000002087,0.5000000000001908,0.5000000000002236,0.5000000000002256,0.5000000000002351,0.5000000000001812,0.5000000000001936,0.5000000000002318,0.5000000000002359,0.5000000000002348,0.5000000000002356,0.8535533905932737,0.5000000000001998,1.0,0.5000000000002349,1.0,0.5000000000002348,0.500000000000233,0.5000000000002377,1.0,0.5000000000002347,0.5000000000002369,0.5000000000002376,0.5000000000002371,0.5000000000002357,0.5000000000002376,0.5000000000001376,1.0,0.5000000000001648,0.500000000000224,0.5000000000001789,1.0,0.5000000000002149,0.5000000000002351,0.5000000000001172,0.500000000000237,0.5000000000002365,0.50000000000017,0.500000000000156,0.5000000000002324,0.5000000000001235,0.5000000000002147,0.5000000000001203,0.500000000000232,0.5000000000002404,0.500000000000223,0.5000000000002363,0.500000000000198,0.5000000000002335,0.5000000000002361,1.0,0.5000000000002379,0.5000000000001041,0.5000000000002377,0.5000000000001514,0.5000000000001598,1.0,0.500000000000228,0.5000000000001316,0.5000000000002363,0.5000000000001341,0.5000000000002286,0.5000000000001827,0.5000000000002345,0.5000000000002147,0.5000000000002379,1.0
www.dcm-hldgs.co.jp,0.9131163427912252,0.955275153761536,0.8564614325530062,0.9697065355816485,0.9340352330342887,0.9514881244339901,0.8542137842239481,0.8835399854460517,0.9900241246172279,0.9563041866343968,0.950380859203962,0.9554598285258664,0.500000000000414,0.8851956398375322,0.5000000000002349,1.0,0.5000000000014694,0.9509755325226854,0.9444568941225332,0.9635259381486789,0.5000000000001391,0.9543415198422309,0.9599487602958163,0.9607340783596703,0.967458458799379,0.973253346614416,0.9682312885441772,0.8334424236676914,0.500000000000076,0.8431572361556011,0.9813302851778183,0.9038717248345807,0.5000000000001339,0.9704753043397438,0.9526748052545032,0.8183824283819744,0.9621806072677026,0.9648134676469253,0.8466600770987602,0.8581171339472575,0.9402910741786594,0.818278782017946,0.9695346490013463,0.8072786381868191,0.9666276354294419,0.9779019592548865,0.9819640115135182,0.9791461702445968,0.943858506615003,0.9485523247420884,0.983570863382705,0.5000000000004668,0.9769349106776195,0.7629149265499762,0.9688405402917717,0.8638234533712666,0.8649463972762379,0.500000000000327,0.9269448858936735,0.8370555740824331,0.9795090019366843,0.8251573600228301,0.9829008330726379,0.8806370072410257,0.9527217406974529,0.9701143236944165,0.9636988776763813,0.5000000000002314
www.dic-color.com,0.5000000000011439,0.5000000000012922,0.5000000000011341,0.5000000000013949,0.5000000000013632,0.5000000000014355,0.5000000000011381,0.5000000000012148,0.5000000000014833,0.5000000000014586,0.5000000000014314,0.500000000001427,0.8535533905932737,0.5000000000012201,1.0,0.5000000000014694,1.0,0.5000000000014293,0.500000000001416,0.500000000001463,1.0,0.5000000000014342,0.5000000000014577,0.5000000000014585,0.5000000000014778,0.5000000000014543,0.5000000000014718,0.5000000000010072,1.0,0.5000000000010397,0.5000000000014082,0.5000000000012366,1.0,0.5000000000013473,0.5000000000014378,0.5000000000008443,0.5000000000014302,0.5000000000014703,0.5000000000010809,0.5000000000010517,0.5000000000014062,0.5000000000008868,0.5000000000013428,0.5000000000007786,0.50000000000145,0.500000000001461,0.5000000000014232,0.500000000001464,0.5000000000013185,0.5000000000014286,0.5000000000014885,1.0,0.5000000000014743,0.5000000000007879,0.5000000000014737,0.5000000000010681,0.5000000000010789,1.0,0.5000000000013682,0.5000000000009514,0.5000000000014568,0.5000000000008793,0.5000000000014507,0.5000000000011914,0.5000000000014376,0.5000000000013453,0.5000000000014315,1.0
www.dic-decor.co.jp,0.792562069805145,0.8855138347907098,0.8980490371215888,0.9192030231329934,0.9550416138025266,0.9986327053502293,0.8937818173850629,0.8668580759191069,0.9506325120064368,0.9890192226246401,0.9941929752566083,0.995660139296145,0.5000000000004141,0.9280319744532972,0.5000000000002348,0.9509755325226854,0.5000000000014293,1.0,0.9985309166844213,0.995730957871928,0.5000000000001614,0.993159640859109,0.9967950906778709,0.995433007741358,0.9872753639872387,0.9758612630265877,0.9905390318718806,0.7257203897428557,0.5000000000000718,0.8023718435847518,0.9208984015016152,0.8247967295804254,0.500000000000155,0.8904170826933898,0.995924548642412,0.6559139724313399,0.9904063112003185,0.9910298981748931,0.812409664962384,0.7529991668135951,0.9884238566943682,0.6928772405365893,0.8902387826166782,0.6496827800697831,0.9714964909683055,0.981802196824901,0.9194876487904965,0.9732966418764477,0.8530752977324902,0.9875177912018853,0.9597896614009,0.5000000000004411,0.9855635931751494,0.6402846079697516,0.9924029451377496,0.7493500186099249,0.7683884324499035,0.5000000000003774,0.9946381801412678,0.6913403692327186,0.9671863811486767,0.6915888897340872,0.9392448154235267,0.8343539291561448,0.997971719002996,0.8902777290861814,0.9911119049969942,0.500000000000094
www.dic-ep.co.jp,0.7799201492944025,0.8782267780717825,0.8933311490310126,0.913124851559496,0.9510174382354815,0.9977952018997558,0.8864758283185423,0.8615286766309029,0.9443268639202331,0.9870374606393038,0.9934807048092997,0.9940325542455997,0.5000000000004122,0.9217401645598253,0.500000000000233,0.9444568941225332,0.500000000001416,0.9985309166844213,1.0,0.9950407434191262,0.5000000000001615,0.9922661122129981,0.9962002203232854,0.9945516398578982,0.9854976276695915,0.9718029021991768,0.98898393349866,0.7149352472684452,0.500000000000071,0.7934885764460406,0.9151752438145817,0.8154865005379393,0.5000000000001552,0.8841465678111518,0.9945407739720695,0.6427274914919994,0.9874784519038596,0.9891586502030895,0.8031051315735408,0.7417628574428068,0.9888025229860775,0.6808971907157496,0.8840472621835422,0.6379916859626271,0.9697618259007872,0.9786754862971432,0.9131026021175668,0.9687516819862335,0.8422942479378464,0.9859617707410783,0.9548743913187434,0.5000000000004355,0.981901319023985,0.6354738712880913,0.9907850379386697,0.7357674542825143,0.7546962887442941,0.5000000000003778,0.9959686909876502,0.6819485059965572,0.9626279204744028,0.6786476627807092,0.9326156172168683,0.8244429050153517,0.9975399512794545,0.8840531824422109,0.9888869584730913,0.5000000000000843
www.dic-estate.co.jp,0.8135081483855305,0.8957870255569232,0.8871217209283511,0.939653518770403,0.9652753319459468,0.9972472237775818,0.8890038768995558,0.8764168636798315,0.9651098094810504,0.9924282415920511,0.9931950465810775,0.9913574001179137,0.5000000000004206,0.9159139433467542,0.5000000000002377,0.9635259381486789,0.500000000001463,0.995730957871928,0.9950407434191262,1.0,0.5000000000001585,0.9921076825657131,0.9985417073496687,0.9969900595657099,0.9943065867464886,0.9838594420979307,0.9956430662425353,0.7634813328045207,0.5000000000000738,0.8095975934811344,0.9364170919185548,0.8535235304827264,0.5000000000001528,0.9104684148971963,0.9942756632900681,0.6897810709734044,0.9875690507316376,0.9953778130066628,0.8253907817751774,0.784750559299384,0.9862837659004497,0.7143908828590413,0.9102586949280909,0.6889868547159593,0.9814561584856898,0.9862477579086154,0.9353471287746378,0.9760897162274472,0.8806958540045359,0.9882305467132215,0.9751312924335265,0.5000000000004524,0.9905157674612279,0.6880346145698261,0.9975208371177332,0.7759184267174335,0.7914151781098151,0.500000000000372,0.9872975167829237,0.7353717852838745,0.9723367011316737,0.721558410192332,0.9523467984792101,0.8541363325718561,0.9975179578105596,0.9103612225787759,0.9895393863345071,0.5000000000001202
www.dic-global.com,0.500000000000087,0.5000000000001181,0.5000000000001332,0.500000000000129,0.5000000000001431,0.5000000000001605,0.500000000000132,0.5000000000001172,0.5000000000001379,0.5000000000001575,0.5000000000001594,0.5000000000001615,0.8535533905932737,0.5000000000001439,1.0,0.5000000000001391,1.0,0.5000000000001614,0.5000000000001615,0.5000000000001585,1.0,0.5000000000001585,0.5000000000001593,0.5000000000001584,0.5000000000001542,0.5000000000001502,0.5000000000001561,0.5000000000000602,1.0,0.5000000000000954,0.5000000000001287,0.5000000000000969,1.0,0.5000000000001183,0.5000000000001598,0.5000000000000362,0.5000000000001569,0.5000000000001571,0.5000000000000995,0.500000000000073,0.5000000000001583,0.5000000000000502,0.5000000000001182,0.5000000000000347,0.5000000000001481,0.5000000000001538,0.500000000000127,0.5000000000001495,0.5000000000001017,0.5000000000001571,0.5000000000001433,1.0,0.5000000000001554,0.5000000000000315,0.5000000000001568,0.5000000000000702,0.500000000000077,1.0,0.500000000000161,0.5000000000000494,0.5000000000001484,0.5000000000000523,0.5000000000001348,0.5000000000001013,0.5000000000001602,0.5000000000001183,0.5000000000001593,1.0
www.dic-graphics.co.jp,0.8060383831723006,0.8964357549077415,0.9056048290356764,0.9198101661370182,0.952718804394481,0.99083529130027,0.8911394371211669,0.8772024500858848,0.9558135569437118,0.9851099546832448,0.990207080454619,0.9901165923757802,0.500000000000413,0.9284115116175105,0.5000000000002347,0.9543415198422309,0.5000000000014342,0.993159640859109,0.9922661122129981,0.9921076825657131,0.5000000000001585,1.0,0.9918317240345746,0.9908688700494843,0.9857563095640567,0.9855056719312025,0.9890659358252223,0.7440825964183123,0.5000000000000723,0.834755375256762,0.9313226777395485,0.8341266704426815,0.500000000000152,0.900466440649971,0.9907318155477168,0.6820655507572161,0.9867566815392779,0.9865885901704154,0.8268951191667773,0.7803996419701135,0.9829406004255942,0.7312770270456699,0.899785333599916,0.6635494668121376,0.9805821455372443,0.9805291474917199,0.9338132753867343,0.9777574213428615,0.8662327038149733,0.9823804508824987,0.9634325681209901,0.5000000000004455,0.9796397866864686,0.6627714904155678,0.9908939320413251,0.7676585778514611,0.7924963386553198,0.5000000000003704,0.984484405056442,0.7137438406753362,0.9709189773599642,0.7071531341355289,0.9485394215760246,0.8524393682352303,0.9931457075497481,0.9001096684241923,0.987606039786115,0.5000000000001125
www.dic-kako.co.jp,0.8064572752702095,0.8918900579893927,0.8830387044999064,0.9319018819603471,0.9575727947585915,0.9973657430189216,0.8829966224465842,0.8683265750709939,0.9626398015550602,0.9909568183930826,0.9933764605499176,0.992103959194829,0.5000000000004186,0.9129238406566866,0.5000000000002369,0.9599487602958163,0.5000000000014577,0.9967950906778709,0.9962002203232854,0.9985417073496687,0.5000000000001593,0.9918317240345746,1.0,0.998548576181042,0.9920104732418678,0.9796278576548771,0.9957193513245717,0.7492012354288622,0.5000000000000735,0.8036997247899011,0.9329552349709085,0.8436428815987655,0.5000000000001537,0.9049298115247436,0.9950071128113465,0.6795334985496574,0.9892917019641769,0.9947980902176876,0.8151608002019279,0.7731241851733575,0.9889512917025935,0.7075833749730303,0.9046559275455379,0.6740667423233306,0.9750575066614533,0.984213564640676,0.9309996080222247,0.9780303713654128,0.8735253362111344,0.988656869211324,0.9727972326387745,0.5000000000004489,0.990252585207269,0.6737639512277762,0.9979273799108015,0.7672375312685139,0.781415244968278,0.5000000000003745,0.9906694460650142,0.7218295355931885,0.9738813839362961,0.7095274929945321,0.9507015117573006,0.8457763381398307,0.9973375162684472,0.9047854438596847,0.9904022282256111,0.5000000000001134
www.dic-material.co.jp,0.807014275065707,0.8961995652217442,0.8945135787939431,0.9343104774059448,0.9559297364797095,0.9964412147084865,0.8820111659356948,0.8785108811031803,0.9643905990925268,0.9887496870959582,0.9907048888928164,0.9900073337328847,0.5000000000004174,0.9144321337362855,0.5000000000002376,0.9607340783596703,0.5000000000014585,0.995433007741358,0.9945516398578982,0.9969900595657099,0.5000000000001584,0.9908688700494843,0.998548576181042,1.0,0.9930905281691436,0.9793718274258394,0.9961748548032715,0.7548860900018227,0.5000000000000736,0.8133750864843383,0.9372092764883739,0.8490218181874185,0.5000000000001528,0.9083966619151027,0.9924310101138394,0.6878182324164248,0.9915291451922115,0.9932208554122437,0.8210142604756844,0.7815840340917715,0.9887563707253785,0.7178599734230305,0.9087718481620206,0.6778797069234208,0.9747448926147209,0.9845975864150908,0.9356299074900603,0.9807817441166136,0.8801991948801428,0.9866340749309284,0.9746542102017579,0.5000000000004492,0.9887494189413317,0.6821193798572524,0.9972182411337713,0.7747721234343699,0.7859900746770243,0.5000000000003729,0.9879783922795855,0.7279110512452369,0.9736951641189882,0.7165801256679829,0.9548769195092695,0.8545078920707638,0.9953850624962646,0.9083806088826323,0.9908770743310071,0.5000000000001201
www.dic-plas.co.jp,0.8375666588882993,0.900502164165717,0.8960358836364757,0.9520662702870671,0.9655094782894038,0.991506340967593,0.8976104196554477,0.9000753755819846,0.9746274762430445,0.9897671799555652,0.9848024579392405,0.981637425161652,0.5000000000004196,0.9163417739820012,0.5000000000002371,0.967458458799379,0.5000000000014778,0.9872753639872387,0.9854976276695915,0.9943065867464886,0.5000000000001542,0.9857563095640567,0.9920104732418678,0.9930905281691436,1.0,0.9846723632249452,0.9950479145868529,0.7982703566549039,0.5000000000000744,0.8411079327192422,0.9475031615701717,0.8801333951417496,0.5000000000001484,0.9227694981227278,0.9900970766172996,0.7270803333478547,0.9857682635849196,0.9944671462929775,0.8602506633420133,0.81278667125751,0.9824956147822453,0.7464682697820767,0.9224655849613974,0.7155090701912385,0.9832808171651197,0.9869728652395792,0.9487489857771987,0.9765470664514424,0.9076602845950965,0.9866551721486622,0.985261825487822,0.5000000000004556,0.9881787055333666,0.731146214526868,0.9933726214017524,0.8178254530031451,0.8277265013459405,0.5000000000003625,0.9731471104463334,0.7700464951987265,0.9727951736750584,0.754041910414047,0.9614268350589111,0.8913125011691376,0.990933610484658,0.9224873705785054,0.9819862146386733,0.5000000000001434
www.dic200.com,0.8563645620076028,0.9350070820726153,0.8973962895768781,0.9560163078537283,0.9542289351483448,0.9765796164383191,0.9067436993181341,0.8894826851479205,0.9755794780472766,0.9754539529246629,0.9717708502461166,0.974680186903188,0.5000000000004178,0.9220834127373971,0.5000000000002357,0.973253346614416,0.5000000000014543,0.9758612630265877,0.9718029021991768,0.9838594420979307,0.5000000000001502,0.9855056719312025,0.9796278576548771,0.9793718274258394,0.9846723632249452,1.0,0.9854803417029425,0.8183282152044347,0.5000000000000747,0.8690356643798067,0.9656187942120349,0.8839477485208579,0.5000000000001441,0.9455711483785098,0.9761263224298997,0.7641534099615866,0.982309379898752,0.9792174330637107,0.8614814100609056,0.8471511430771925,0.9637116276841846,0.792158877034345,0.9456146643019159,0.7595164711974188,0.9831588991214835,0.9844073192883404,0.9624502661086074,0.9779342324546912,0.9193022713965588,0.9677292052782416,0.981387398373986,0.5000000000004623,0.9798297800142403,0.7405882403407347,0.9859737048809283,0.8265970201139314,0.8464589736083084,0.5000000000003505,0.9556344380912496,0.7913560818144472,0.9783480874712274,0.7924562293110016,0.9726698041052806,0.8938499918586986,0.9803676749069861,0.9455885087899758,0.9795446853797632,0.5000000000001744
www.difaren.com,0.8341489775877653,0.9045460876695977,0.8908206733337964,0.9435525182826732,0.9577870400707462,0.9925817187038128,0.891324351292695,0.8813222518589303,0.9745517450506221,0.9862196876008213,0.9883612515061347,0.9854801795169086,0.5000000000004223,0.9129926128197703,0.5000000000002376,0.9682312885441772,0.5000000000014718,0.9905390318718806,0.98898393349866,0.9956430662425353,0.5000000000001561,0.9890659358252223,0.9957193513245717,0.9961748548032715,0.9950479145868529,0.9854803417029425,1.0,0.777777562974868,0.5000000000000746,0.8366425694272632,0.9478818812779662,0.8732909247941352,0.5000000000001507,0.9208914604214847,0.9920430478165124,0.7159125193728328,0.9916677944530639,0.996767754552946,0.8397864048428361,0.8061820372933759,0.9895361794889748,0.7450473828237888,0.9211693127539733,0.7038952932459115,0.9841232656743111,0.9858083171656921,0.9469766989207912,0.9859683892071538,0.895471089701705,0.9902273728424353,0.9843004725897522,0.5000000000004594,0.9929835645244125,0.7045768920486155,0.996929537756909,0.8028452730080938,0.8140329913919013,0.5000000000003679,0.9785168368314325,0.7582215767010955,0.9818383686832208,0.7429148685174669,0.9635691470363825,0.8766358473601819,0.9938063460217887,0.9208745254164254,0.9890517661967417,0.5000000000001413
www.digisystem.com,0.8644020831504263,0.8484002721103332,0.7334093021661804,0.8712103288013298,0.7665349845846714,0.7365978814277214,0.7916913697694293,0.8464922619607609,0.863060006348676,0.7725563663682706,0.7209087940391105,0.7264129718635355,0.5000000000002501,0.7495018980972307,0.5000000000001376,0.8334424236676914,0.5000000000010072,0.7257203897428557,0.7149352472684452,0.7634813328045207,0.5000000000000602,0.7440825964183123,0.7492012354288622,0.7548860900018227,0.7982703566549039,0.8183282152044347,0.777777562974868,1.0,0.5000000000000527,0.8358658135502275,0.8711852964186293,0.9549604093274229,0.5000000000000566,0.8800534618596134,0.7347224910151924,0.9356612044690076,0.7454170518346275,0.7693121902553315,0.859066532936335,0.9559886138831605,0.710732545371283,0.9056253628961861,0.8792681678182747,0.8995175785772636,0.8017664796186348,0.7854428328195135,0.8813304125889285,0.7844266710413507,0.9501296518578274,0.7313588057688373,0.8509923786943541,0.500000000000329,0.7794174522095997,0.9611831800548073,0.7754710292232685,0.9444404397890711,0.920124897035584,0.5000000000001382,0.669053763424485,0.9649018701018258,0.791400095579696,0.9234919772840471,0.8659808023723332,0.9033368119162886,0.7418127891538727,0.8796983032155509,0.7397586901309487,0.5000000000002909
www.dlt-spl.co.jp,0.5000000000000587,0.5000000000000695,0.5000000000000555,0.5000000000000718,0.5000000000000685,0.500000000000072,0.5000000000000565,0.5000000000000587,0.5000000000000765,0.500000000000072,0.5000000000000712,0.5000000000000715,0.8535533905932737,0.5000000000000602,1.0,0.500000000000076,1.0,0.5000000000000718,0.500000000000071,0.5000000000000738,1.0,0.5000000000000723,0.5000000000000735,0.5000000000000736,0.5000000000000744,0.5000000000000747,0.5000000000000746,0.5000000000000527,1.0,0.5000000000000524,0.5000000000000743,0.5000000000000633,1.0,0.5000000000000715,0.5000000000000718,0.5000000000000472,0.5000000000000732,0.5000000000000737,0.5000000000000526,0.5000000000000554,0.5000000000000699,0.5000000000000487,0.5000000000000714,0.5000000000000444,0.5000000000000736,0.500000000000074,0.5000000000000745,0.500000000000075,0.5000000000000693,0.5000000000000709,0.5000000000000758,1.0,0.5000000000000745,0.5000000000000413,0.5000000000000748,0.5000000000000548,0.5000000000000554,1.0,0.5000000000000684,0.5000000000000511,0.5000000000000746,0.5000000000000476,0.5000000000000757,0.5000000000000592,0.5000000000000723,0.5000000000000715,0.5000000000000728,1.0
www.doutor.co.jp,0.8795680644533005,0.8537436027467159,0.907941115432538,0.8492164885448139,0.8083379908720679,0.8013757824272911,0.8839101724000358,0.9222119579967691,0.8555581776465253,0.8228742052464413,0.7976837455688349,0.8140470457325713,0.5000000000002914,0.8829419237421379,0.5000000000001648,0.8431572361556011,0.5000000000010397,0.8023718435847518,0.7934885764460406,0.8095975934811344,0.5000000000000954,0.834755375256762,0.8036997247899011,0.8133750864843383,0.8411079327192422,0.8690356643798067,0.8366425694272632,0.8358658135502275,0.5000000000000524,1.0,0.8779246286057198,0.881567033287292,0.5000000000000875,0.864542968682765,0.8226532655099585,0.832185812678377,0.8426683031025487,0.8256605895389717,0.9568089583008365,0.9070066972226769,0.8237922417322959,0.8802075914056725,0.8629968388372227,0.7622866064927802,0.8566092049337253,0.852668683800371,0.88732851982204,0.8600644604602294,0.8640463579798017,0.8259045891520981,0.8703567795102187,0.5000000000003495,0.8291589850521128,0.7841252423861564,0.8190424230328794,0.9115707404733236,0.9356059209185804,0.5000000000002198,0.7557926643536335,0.8320610560182617,0.865946751752762,0.859355445481427,0.8708733258288602,0.9556608394970398,0.8095477045845796,0.863172830094227,0.8333665419397323,0.5000000000002247
